0,1,90,,,,,,,,,,,,,2.7896494672938186,,,,,,,,,,,,,2
1,4,38,91.0,114.0,126.0,,,,,,,,,,,-2.4970831830244813,3.3473644720835165,4.266397757886308,4.679422465651042,,,,,,,,,,,2,2.0,2.0,2.0
2,17,6,8.0,16.0,22.0,23.0,36.0,41.0,65.0,70.0,72.0,98.0,111.0,121.0,124.0,126.0,127.0,132.0,,,,,-2.5526797048260876,-1.2774452035006618,4.002459006563433,4.723029302414259,4.610211626718266,-4.5508167310331995,-2.874642567976505,-3.8163190723968943,-2.0329775531958334,2.382669133295453,4.929514467634426,1.7249322646626406,4.285029218688051,4.1891814631182145,1.0185280920184114,4.447142484054069,1.9242991863522856,,,,,2,2.0,2.0,2.0,2.0,2.0,2.0,2.0,2.0,2.0,2.0,2.0,2.0,2.0,2.0,2.0,2.0
3,1,126,,,,,,,,,,,,,3.09756107731032,,,,,,,,,,,,,2
4,3,42,59.0,126.0,,,,,,,,,,,,4.971859184477202,-3.22172682241051,3.9457769424988913,,,,,,,,,,,,2,2.0,2.0
5,3,6,36.0,65.0,,,,,,,,,,,,3.5731528737694127,1.4682680657104235,1.851856646035643,,,,,,,,,,,,2,2.0,2.0
6,6,36,59.0,91.0,99.0,114.0,126.0,,,,,,,,,,1.3648244121947615,-4.7790629195297125,3.3743698142161946,1.6835503495602633,4.258298880925528,1.4986507248130674,,,,,,,,,,2,2.0,2.0,2.0,2.0,2.0
7,25,33,35.0,36.0,39.0,40.0,41.0,46.0,55.0,61.0,64.0,66.0,72.0,76.0,82.0,83.0,89.0,91.0,98.0,114.0,115.0,117.0,123.0,126.0,129.0,130.0,4.802428587750224,3.2937515524931444,2.314658181479664,-2.4825685882675637,4.25119826903001,-2.505038342123663,-4.897579230664666,3.3765228614085405,-1.454230368798516,-2.613931464849588,4.134612050964572,1.515518887642597,-1.1572485593643957,-4.4943144964271085,-3.473019086121184,-4.580827350748797,4.56210912295958,-1.3209349826465688,1.6570631917239718,-1.9288507805872692,3.5108322122856714,-1.442526947820829,3.023554715537864,-3.575998172956063,-3.86388891538959,2,2.0,2.0,2.0,2.0,2.0,2.0,2.0,2.0,2.0,2.0,2.0,2.0,2.0,2.0,2.0,2.0,2.0,2.0,2.0,2.0,2.0,2.0,2.0,2.0
8,5,62,91.0,111.0,114.0,126.0,,,,,,,,,,,-3.207627355097942,3.148426167274191,-3.923469900814577,2.5697804296905415,2.596010815480521,,,,,,,,,,,2,2.0,2.0,2.0,2.0
9,11,6,36.0,52.0,55.0,58.0,68.0,77.0,82.0,103.0,118.0,126.0,,,,,,,,3.1824671572637397,4.046042526869889,-3.4536607837431594,-2.523563426524086,-1.2255019866037085,-4.7980824946305685,-3.511601557963631,4.224805119172245,1.969638929660321,2.246888271182193,2.993471090957919,,,,,,,,2,2.0,2.0,2.0,2.0,2.0,2.0,2.0,2.0,2.0,2.0
10,7,41,61.0,65.0,71.0,84.0,105.0,126.0,,,,,,,,,,-1.4701049871084195,-3.6862927823711984,-1.0581786626715277,-2.315006441150033,-3.989883752535026,-2.92456040741927,1.7055479460248932,,,,,,,,,,2,2.0,2.0,2.0,2.0,2.0,2.0
11,3,52,62.0,126.0,,,,,,,,,,,,-4.464255558001634,-3.243751886141545,1.2628345577134095,,,,,,,,,,,,2,2.0,2.0
12,8,10,29.0,41.0,56.0,65.0,98.0,126.0,133.0,,,,,,,,,2.1274190990935997,4.621527905677055,-1.4752716650722877,-2.874772639179881,-1.545485902347079,2.5914223961829665,1.8984192917599279,1.4164343279382954,,,,,,,,,2,2.0,2.0,2.0,2.0,2.0,2.0,2.0
13,14,5,9.0,10.0,41.0,52.0,63.0,72.0,91.0,103.0,111.0,114.0,117.0,118.0,126.0,,,,,,1.1060452421664873,1.072887302606199,-3.7869486614566026,-3.5968412084642543,-4.730913933416053,4.5066144106333805,3.6702309540841087,-1.510321211182255,3.4424801697665304,3.2978924527196476,-2.5077777176996303,3.133844367905286,3.975785170290708,2.4495755964665324,,,,,,2,2.0,2.0,2.0,2.0,2.0,2.0,2.0,2.0,2.0,2.0,2.0,2.0,2.0
14,5,6,41.0,44.0,82.0,126.0,,,,,,,,,,,3.343102325093853,-1.334002866794675,3.3346244474034883,4.683489602127253,3.4458169417385913,,,,,,,,,,,2,2.0,2.0,2.0,2.0
15,4,12,22.0,41.0,126.0,,,,,,,,,,,4.213923721539395,-4.018171496338729,-2.142848345127443,1.62096098372285,,,,,,,,,,,2,2.0,2.0,2.0
16,12,31,36.0,41.0,65.0,72.0,96.0,97.0,106.0,111.0,124.0,126.0,127.0,,,,,,,1.3651467071445342,-2.766122005493508,-2.9705004171634366,3.4812382054138586,3.5634989792128584,1.9838309135380325,4.587061698505701,2.3464171127756823,4.753361827284151,2.589149162241469,4.211413794392046,1.7277125219810845,,,,,,,2,2.0,2.0,2.0,2.0,2.0,2.0,2.0,2.0,2.0,2.0,2.0
17,3,12,41.0,126.0,,,,,,,,,,,,3.940284175215543,-4.944004255291484,2.8480232145765307,,,,,,,,,,,,2,2.0,2.0
18,3,42,59.0,126.0,,,,,,,,,,,,4.564572454792284,-4.998870693144522,3.4268601855314236,,,,,,,,,,,,2,2.0,2.0
19,8,8,22.0,36.0,55.0,64.0,72.0,117.0,126.0,,,,,,,,,1.4031120055097066,2.7159761095000734,1.291052025456774,-4.368475692542835,-1.536060913802563,1.1634744650659155,4.575570332203831,4.84428126987782,,,,,,,,,2,2.0,2.0,2.0,2.0,2.0,2.0,2.0
20,5,10,42.0,82.0,111.0,126.0,,,,,,,,,,,1.284754593840916,-2.818164259071093,-2.107510592588815,-4.3224776311509165,1.452952183363021,,,,,,,,,,,2,2.0,2.0,2.0,2.0
21,7,36,47.0,55.0,91.0,111.0,114.0,126.0,,,,,,,,,,-3.527348848679197,-3.1443854653764816,2.5058534675121984,1.8457920279861786,-2.289415379898892,4.181069247439561,3.1708977733903847,,,,,,,,,,2,2.0,2.0,2.0,2.0,2.0,2.0
23,2,41,53.0,,,,,,,,,,,,-4.788994309535434,-1.105467897989008,,,,,,,,,,,,2,2.0
24,7,36,47.0,55.0,91.0,111.0,114.0,126.0,,,,,,,,,,-2.172843086792258,-4.255180078827795,4.949104517259778,1.4790485272770049,-2.0185626190550554,1.654623771462818,2.3827839740156778,,,,,,,,,,2,2.0,2.0,2.0,2.0,2.0,2.0
25,2,10,126.0,,,,,,,,,,,,-3.7320270936654274,3.2605327343568358,,,,,,,,,,,,2,2.0
26,5,19,36.0,38.0,42.0,111.0,,,,,,,,,,,2.650470707645706,4.166316174903394,-4.946558314004702,-3.7829947559384687,-4.718116576991303,,,,,,,,,,,2,2.0,2.0,2.0,2.0
27,21,15,36.0,41.0,43.0,46.0,52.0,57.0,62.0,73.0,89.0,91.0,92.0,98.0,102.0,114.0,117.0,123.0,126.0,128.0,129.0,133.0,,,-2.128138290285226,2.977681218810326,3.23361699894322,4.561055135563665,-4.9448429779184115,-4.799199653167696,-2.6592780093506607,-3.0806540044479735,-1.3548101350282225,-3.0467097684626645,-3.7164092765779584,4.946060995171919,-3.0980455582810187,-3.227051572055719,-3.6607888827848005,-4.1761007570811834,4.385809166938072,4.683367530469489,-4.784461848534531,-2.6349366843923856,-3.6875709743949137,,,2,2.0,2.0,2.0,2.0,2.0,2.0,2.0,2.0,2.0,2.0,2.0,2.0,2.0,2.0,2.0,2.0,2.0,2.0,2.0,2.0
29,1,10,,,,,,,,,,,,,3.515771387119536,,,,,,,,,,,,,2
30,6,19,42.0,82.0,111.0,116.0,117.0,,,,,,,,,,4.962020568002693,-3.51759455254105,-1.244311839419455,-2.395473066171981,2.5355648854928456,2.3396224586283445,,,,,,,,,,2,2.0,2.0,2.0,2.0,2.0
31,7,22,41.0,96.0,98.0,106.0,120.0,126.0,,,,,,,,,,4.0034842711659895,-2.4994823180948162,-1.6934943811790193,2.0316113081797593,1.537658707755897,4.507062547046997,3.2385613252328715,,,,,,,,,,2,2.0,2.0,2.0,2.0,2.0,2.0
34,1,42,,,,,,,,,,,,,1.2951862589415954,,,,,,,,,,,,,2
35,4,41,72.0,117.0,126.0,,,,,,,,,,,-4.0135127410357665,1.3034533124346557,-4.7593284944539,4.789133358447261,,,,,,,,,,,2,2.0,2.0,2.0
36,2,55,126.0,,,,,,,,,,,,1.6016675644141127,3.344919328067189,,,,,,,,,,,,2,2.0
37,1,126,,,,,,,,,,,,,2.8097580645307736,,,,,,,,,,,,,2
38,3,91,114.0,126.0,,,,,,,,,,,,3.98175789673732,2.7565396342808737,2.385383977463845,,,,,,,,,,,,2,2.0,2.0
39,1,126,,,,,,,,,,,,,1.8205585619280287,,,,,,,,,,,,,2
40,2,72,126.0,,,,,,,,,,,,1.6892794848065193,3.322353401112174,,,,,,,,,,,,2,2.0
41,2,84,126.0,,,,,,,,,,,,-2.8501388645325916,2.3878128075849108,,,,,,,,,,,,2,2.0
42,3,59,93.0,126.0,,,,,,,,,,,,-4.075949660722042,-1.948907166943978,4.355592345783736,,,,,,,,,,,,2,2.0,2.0
43,1,126,,,,,,,,,,,,,1.26830590955371,,,,,,,,,,,,,2
44,1,65,,,,,,,,,,,,,-3.055957956639243,,,,,,,,,,,,,2
45,2,22,126.0,,,,,,,,,,,,-4.433651007372047,2.3339966867645767,,,,,,,,,,,,2,2.0
46,5,16,41.0,65.0,98.0,126.0,,,,,,,,,,,4.2273389570690565,-3.984179517061693,-2.7498996880949163,4.877881733101475,1.3413986723145754,,,,,,,,,,,2,2.0,2.0,2.0,2.0
47,3,27,42.0,74.0,,,,,,,,,,,,2.5568067149366525,1.1817855213658315,3.0136690834194275,,,,,,,,,,,,2,2.0,2.0
48,3,36,43.0,126.0,,,,,,,,,,,,2.4036600502083147,3.480530391206147,3.1495824117516915,,,,,,,,,,,,2,2.0,2.0
49,5,6,42.0,103.0,111.0,126.0,,,,,,,,,,,3.301896711503516,-4.877210142476396,-2.2947169456169747,-2.8863047542006335,4.702274051627105,,,,,,,,,,,2,2.0,2.0,2.0,2.0
50,12,3,7.0,10.0,27.0,41.0,71.0,74.0,91.0,102.0,104.0,114.0,126.0,,,,,,,-1.2822749896017194,-2.544410551203097,4.379501243877819,2.280198404122447,4.625417540378944,-2.8365430249530452,2.457079444192302,-2.993768795716229,-2.1199163746411367,2.154522212961023,-2.43532193649401,3.0753522285042885,,,,,,,2,2.0,2.0,2.0,2.0,2.0,2.0,2.0,2.0,2.0,2.0,2.0
51,2,59,126.0,,,,,,,,,,,,4.458889505020213,1.072440735283362,,,,,,,,,,,,2,2.0
52,3,108,117.0,126.0,,,,,,,,,,,,-4.959840929559781,1.4675921628334563,1.7263908672057027,,,,,,,,,,,,2,2.0,2.0
53,5,55,59.0,60.0,72.0,126.0,,,,,,,,,,,-4.353314818844551,3.4725129618315833,2.432650872131362,1.7080419371069873,3.2593645330504657,,,,,,,,,,,2,2.0,2.0,2.0,2.0
54,12,10,19.0,36.0,42.0,43.0,72.0,83.0,96.0,103.0,111.0,116.0,117.0,,,,,,,2.275902521175045,2.4880723431711327,4.158472571178216,-3.337257247692401,-4.801645936306235,1.5553086905976405,-2.4756545582790896,1.611436556737328,-3.03044151473782,-1.497188893942179,3.1742114444559544,-1.557088290653549,,,,,,,2,2.0,2.0,2.0,2.0,2.0,2.0,2.0,2.0,2.0,2.0,2.0
56,4,10,41.0,105.0,126.0,,,,,,,,,,,4.509888054108211,-4.848690193898168,-1.2072941472897076,2.8131553389921105,,,,,,,,,,,2,2.0,2.0,2.0
57,2,41,72.0,,,,,,,,,,,,-1.2252131027273494,2.8958465610514894,,,,,,,,,,,,2,2.0
58,9,6,36.0,52.0,55.0,65.0,82.0,103.0,118.0,126.0,,,,,,,,,4.765859235106101,3.4728722532650442,-2.6729721451624755,-4.879657591258413,2.402350235226388,3.9930387615346334,1.4593472989568141,1.993956559257863,2.6757017980181916,,,,,,,,,2,2.0,2.0,2.0,2.0,2.0,2.0,2.0,2.0
60,2,59,126.0,,,,,,,,,,,,3.686802737623427,2.888267780439997,,,,,,,,,,,,2,2.0
61,3,45,111.0,126.0,,,,,,,,,,,,1.3109385478599394,1.26598506946711,2.5926747743637732,,,,,,,,,,,,2,2.0,2.0
62,5,36,77.0,78.0,118.0,126.0,,,,,,,,,,,3.198115529294942,-4.197641595636171,1.3270361277954876,1.6066995189310047,2.3407889665836037,,,,,,,,,,,2,2.0,2.0,2.0,2.0
63,3,6,36.0,126.0,,,,,,,,,,,,-2.8330115619660665,1.5719667282113434,3.9500049924389935,,,,,,,,,,,,2,2.0,2.0
65,2,43,48.0,,,,,,,,,,,,2.1095247319245307,3.738924690215517,,,,,,,,,,,,2,2.0
67,4,25,51.0,65.0,126.0,,,,,,,,,,,3.0210094897914286,-4.290148971692676,-4.616634777974994,1.1461986713923795,,,,,,,,,,,2,2.0,2.0,2.0
68,2,8,126.0,,,,,,,,,,,,4.621402567824255,1.2190465552881253,,,,,,,,,,,,2,2.0
70,2,90,126.0,,,,,,,,,,,,1.0802847911109055,4.592217157762855,,,,,,,,,,,,2,2.0
72,10,36,59.0,73.0,84.0,111.0,115.0,124.0,126.0,128.0,130.0,,,,,,,,-1.325395122567599,4.8162041090348895,-2.843115072130903,1.1467328115623916,-4.367315107033088,-4.598298293098274,1.5996697093950951,3.999841881596711,2.082978692574215,3.6356957676406054,,,,,,,,2,2.0,2.0,2.0,2.0,2.0,2.0,2.0,2.0,2.0
73,1,126,,,,,,,,,,,,,1.7121438674790057,,,,,,,,,,,,,2
74,23,0,15.0,36.0,41.0,43.0,46.0,52.0,57.0,62.0,73.0,89.0,91.0,92.0,98.0,101.0,102.0,114.0,117.0,123.0,126.0,128.0,129.0,133.0,,-1.6517377083257188,-1.7097581751188913,1.2302350400665771,2.696888036987905,2.8226270111428517,-3.7926468560789806,-3.90287803355344,-2.093628287722825,-4.408726001274161,-1.4825434844024032,-3.1284539410612626,-4.156684954429354,3.4230992774275486,-2.641587307958646,-4.717503956510344,-3.2864507578795994,-3.0922616990764773,-3.480291023714054,1.5099546493279297,4.479585448248513,-2.493237265119012,-1.1015454226413794,-1.0788421510174566,,2,2.0,2.0,2.0,2.0,2.0,2.0,2.0,2.0,2.0,2.0,2.0,2.0,2.0,2.0,2.0,2.0,2.0,2.0,2.0,2.0,2.0,2.0
75,2,42,126.0,,,,,,,,,,,,1.8943833540778106,3.8801461461842974,,,,,,,,,,,,2,2.0
76,2,96,111.0,,,,,,,,,,,,2.1403806747753884,1.559089506505158,,,,,,,,,,,,2,2.0
77,1,126,,,,,,,,,,,,,1.7627508826546663,,,,,,,,,,,,,2
78,4,36,61.0,72.0,126.0,,,,,,,,,,,3.80387652583648,3.081230803615173,1.769156075234683,3.6541494880668424,,,,,,,,,,,2,2.0,2.0,2.0
79,3,42,125.0,126.0,,,,,,,,,,,,4.474396512757841,-1.917005580930566,3.889010273572265,,,,,,,,,,,,2,2.0,2.0
80,3,42,69.0,126.0,,,,,,,,,,,,1.1726396478023045,-4.706350500645978,3.3051534406672527,,,,,,,,,,,,2,2.0,2.0
81,3,42,59.0,126.0,,,,,,,,,,,,3.1108044363451994,-4.9865473482956215,2.696522685209544,,,,,,,,,,,,2,2.0,2.0
82,1,126,,,,,,,,,,,,,1.6134056124643208,,,,,,,,,,,,,2
83,3,59,71.0,90.0,,,,,,,,,,,,1.9145712220138509,-3.533603417266903,2.288316662332713,,,,,,,,,,,,2,2.0,2.0
84,2,59,126.0,,,,,,,,,,,,4.251604036520311,4.689997524709183,,,,,,,,,,,,2,2.0
85,3,19,42.0,90.0,,,,,,,,,,,,4.105651842967987,-4.604632041963956,1.9698820145389186,,,,,,,,,,,,2,2.0,2.0
86,1,132,,,,,,,,,,,,,1.108383970013934,,,,,,,,,,,,,2
88,3,42,111.0,126.0,,,,,,,,,,,,-3.5102323203362538,-4.86010764266605,4.939364795849338,,,,,,,,,,,,2,2.0,2.0
90,12,32,36.0,43.0,48.0,51.0,59.0,72.0,82.0,91.0,98.0,114.0,126.0,,,,,,,4.80024786820322,4.287440237161425,1.7524846388950452,1.6504677573795652,-4.64370873797537,1.51663766060598,1.6757402522886582,-1.8373972933468412,-2.4523291855945404,4.462028503575921,-2.2055114966565683,3.0087800413249703,,,,,,,2,2.0,2.0,2.0,2.0,2.0,2.0,2.0,2.0,2.0,2.0,2.0
91,3,59,87.0,126.0,,,,,,,,,,,,-1.9893924069727906,-3.8533983435382098,2.8088717635592286,,,,,,,,,,,,2,2.0,2.0
92,2,66,126.0,,,,,,,,,,,,2.5861711292850806,2.658496494908095,,,,,,,,,,,,2,2.0
94,3,86,92.0,126.0,,,,,,,,,,,,2.009747777376083,-2.424386903591385,3.786603295507569,,,,,,,,,,,,2,2.0,2.0
95,5,6,42.0,103.0,111.0,126.0,,,,,,,,,,,4.76092096569983,-3.215417137605283,-1.7481749942300935,-3.382554962431377,4.737468059076059,,,,,,,,,,,2,2.0,2.0,2.0,2.0
96,3,61,107.0,120.0,,,,,,,,,,,,-4.089273566942557,-1.253499881891071,4.049834742962762,,,,,,,,,,,,2,2.0,2.0
97,2,72,126.0,,,,,,,,,,,,1.9605824751127723,2.6034056670545596,,,,,,,,,,,,2,2.0
98,2,41,126.0,,,,,,,,,,,,-3.3334750603886385,4.987497007383789,,,,,,,,,,,,2,2.0
99,2,59,126.0,,,,,,,,,,,,-3.42469853780352,1.839622372382343,,,,,,,,,,,,2,2.0
100,1,126,,,,,,,,,,,,,4.72847312993445,,,,,,,,,,,,,2
101,9,3,7.0,27.0,41.0,71.0,91.0,102.0,114.0,126.0,,,,,,,,,-3.5696771128252625,-4.844762255295657,4.582092913984802,1.4447899292246054,-4.920130301141908,-1.3476811523496948,-4.077971732767748,-4.508802163252433,3.365101742979717,,,,,,,,,2,2.0,2.0,2.0,2.0,2.0,2.0,2.0,2.0
102,2,82,90.0,,,,,,,,,,,,-1.7380840774255093,2.076972923797524,,,,,,,,,,,,2,2.0
103,2,117,118.0,,,,,,,,,,,,4.154388844898123,-1.1341297389431175,,,,,,,,,,,,2,2.0
104,3,22,36.0,43.0,,,,,,,,,,,,-1.4124954753437304,1.3393508563407677,2.4134089121042113,,,,,,,,,,,,2,2.0,2.0
105,2,111,126.0,,,,,,,,,,,,4.040911439558746,3.333567179064482,,,,,,,,,,,,2,2.0
106,4,41,65.0,72.0,126.0,,,,,,,,,,,-4.108587663709747,-4.0205490226944764,1.6076107740491774,3.8289545372535945,,,,,,,,,,,2,2.0,2.0,2.0
109,5,36,42.0,103.0,111.0,126.0,,,,,,,,,,,4.00949811775072,-3.0923913766805953,-2.701745754465667,-2.647363656589074,2.8033574856165284,,,,,,,,,,,2,2.0,2.0,2.0,2.0
110,11,10,27.0,36.0,47.0,55.0,65.0,74.0,91.0,111.0,114.0,126.0,,,,,,,,1.3777718430237136,4.305829864430967,-2.793782087913279,-2.238110465145311,4.242213323127332,-1.115130705253356,1.82533487362317,2.3099894087116586,-4.239497783418539,1.8065092801909781,2.007196235627811,,,,,,,,2,2.0,2.0,2.0,2.0,2.0,2.0,2.0,2.0,2.0,2.0
111,1,126,,,,,,,,,,,,,4.633802245334513,,,,,,,,,,,,,2
112,3,42,75.0,126.0,,,,,,,,,,,,4.852890157762445,-3.761579314517461,3.564590531541189,,,,,,,,,,,,2,2.0,2.0
113,5,42,65.0,91.0,114.0,126.0,,,,,,,,,,,-2.1238527583689213,-2.3930218680932014,3.2831132186756475,3.0108815603699166,2.603052243501304,,,,,,,,,,,2,2.0,2.0,2.0,2.0
114,3,59,71.0,91.0,,,,,,,,,,,,-4.398589562709645,-2.9704723759714784,-2.7266381849187176,,,,,,,,,,,,2,2.0,2.0
115,1,126,,,,,,,,,,,,,3.5290571516781215,,,,,,,,,,,,,2
116,2,111,126.0,,,,,,,,,,,,-3.964482597160236,1.5634280815191994,,,,,,,,,,,,2,2.0
117,7,36,65.0,89.0,91.0,114.0,126.0,129.0,,,,,,,,,,1.3364272244599897,-3.3596707474185323,-1.4286880453591042,-2.135103623194898,-2.8507191426784257,1.0523778263533345,-1.6246103894647614,,,,,,,,,,2,2.0,2.0,2.0,2.0,2.0,2.0
118,3,52,119.0,126.0,,,,,,,,,,,,-1.1808746804247576,-3.279558739485266,4.102110466780042,,,,,,,,,,,,2,2.0,2.0
119,2,96,126.0,,,,,,,,,,,,1.746268096205223,4.6593836042724,,,,,,,,,,,,2,2.0
120,11,36,43.0,72.0,82.0,90.0,91.0,94.0,100.0,104.0,114.0,126.0,,,,,,,,3.824968908625985,2.8547936197599286,2.1143613561278345,2.481888411165528,2.5091366524184906,3.583668965326405,-1.407129890481615,-3.674572879697724,1.6174508610968092,3.9904375207050045,3.381540069280175,,,,,,,,2,2.0,2.0,2.0,2.0,2.0,2.0,2.0,2.0,2.0,2.0
121,5,10,67.0,72.0,98.0,116.0,,,,,,,,,,,4.257873930355743,4.44945483498698,4.587153639624047,1.4481556086722094,3.4969519836559684,,,,,,,,,,,2,2.0,2.0,2.0,2.0
122,4,36,72.0,90.0,126.0,,,,,,,,,,,3.6900738243081537,1.5121833558310898,3.1304690658200927,4.488495635776606,,,,,,,,,,,2,2.0,2.0,2.0
123,2,36,105.0,,,,,,,,,,,,1.404490704491161,-3.1303577302063434,,,,,,,,,,,,2,2.0
124,1,126,,,,,,,,,,,,,2.7630509877529126,,,,,,,,,,,,,2
125,2,42,126.0,,,,,,,,,,,,1.0486178987592654,3.7757937778684,,,,,,,,,,,,2,2.0
126,1,59,,,,,,,,,,,,,-2.802176541240374,,,,,,,,,,,,,2
127,13,8,10.0,22.0,31.0,41.0,67.0,70.0,72.0,96.0,104.0,116.0,121.0,132.0,,,,,,,-1.7831645391571858,1.0930877429433035,-2.3632141610120714,2.2772545503616595,-1.0454145790696763,3.488346800911494,-2.9684651723181528,1.7275203375965793,1.6427254930382227,3.324952885690449,4.625888443858187,2.36832699486363,1.8878886477317978,,,,,,,2,2.0,2.0,2.0,2.0,2.0,2.0,2.0,2.0,2.0,2.0,2.0,2.0
128,1,111,,,,,,,,,,,,,-3.726010888895717,,,,,,,,,,,,,2
130,2,82,98.0,,,,,,,,,,,,2.9380919407640853,4.268288283797119,,,,,,,,,,,,2,2.0
131,3,42,69.0,126.0,,,,,,,,,,,,4.879515306830556,-1.5882939237161517,1.6101561716570454,,,,,,,,,,,,2,2.0,2.0
132,3,28,65.0,126.0,,,,,,,,,,,,-1.0433506059211934,-2.5689761803989293,1.5946509110124518,,,,,,,,,,,,2,2.0,2.0
133,1,10,,,,,,,,,,,,,1.472659310486625,,,,,,,,,,,,,2
