0,1,69,,,,,,,,,,,,,3.4536607837431594,,,,,,,,,,,,,2
1,17,4,7.0,15.0,17.0,18.0,27.0,31.0,51.0,55.0,57.0,75.0,89.0,94.0,99.0,100.0,101.0,105.0,,,,,-1.1493927549968577,-3.904365334890646,1.6257481706843442,3.8583836908002493,3.2174162100456027,-2.5940189375894938,-2.275902521175045,-4.944004255291484,-3.984179517061693,4.971859184477202,3.42469853780352,1.3034533124346557,3.761579314517461,2.107510592588815,4.56210912295958,3.03044151473782,1.253499881891071,,,,,2,2.0,2.0,2.0,2.0,2.0,2.0,2.0,2.0,2.0,2.0,2.0,2.0,2.0,2.0,2.0,2.0
2,1,100,,,,,,,,,,,,,2.1199163746411367,,,,,,,,,,,,,2
3,3,4,27.0,51.0,,,,,,,,,,,,4.290402242638633,3.540374603470575,4.0135127410357665,,,,,,,,,,,,2,2.0,2.0
4,6,27,45.0,70.0,76.0,88.0,100.0,,,,,,,,,,1.391336642604006,-2.977681218810326,4.242213323127332,3.081230803615173,2.5861711292850806,3.1304690658200927,,,,,,,,,,2,2.0,2.0,2.0,2.0,2.0
5,25,25,26.0,27.0,29.0,30.0,31.0,35.0,41.0,47.0,50.0,53.0,57.0,60.0,63.0,64.0,68.0,70.0,75.0,88.0,90.0,92.0,98.0,100.0,103.0,104.0,1.1629152092758805,4.421842336044029,3.8146314375200947,-3.5731528737694127,2.8330115619660665,-4.844762255295657,-2.7159761095000734,3.2937515524931444,-1.3364272244599897,-2.4825685882675637,1.2252131027273494,1.0486178987592654,-4.801645936306235,-2.1095247319245307,-3.7926468560789806,-4.64370873797537,2.5058534675121984,-2.802176541240374,4.134612050964572,-1.7275203375965793,1.769156075234683,-1.3270361277954876,3.989883752535026,-2.154522212961023,-3.1303577302063434,2,2.0,2.0,2.0,2.0,2.0,2.0,2.0,2.0,2.0,2.0,2.0,2.0,2.0,2.0,2.0,2.0,2.0,2.0,2.0,2.0,2.0,2.0,2.0,2.0
6,11,4,27.0,39.0,41.0,44.0,54.0,61.0,63.0,81.0,93.0,100.0,,,,,,,,1.5082420506075391,3.63477452647578,-2.5568067149366525,-3.527348848679197,-4.166316174903394,-1.4701049871084195,-2.8226270111428517,2.8547936197599286,4.0205490226944764,1.4825434844024032,2.424386903591385,,,,,,,,2,2.0,2.0,2.0,2.0,2.0,2.0,2.0,2.0,2.0,2.0
7,5,48,70.0,88.0,89.0,100.0,,,,,,,,,,,-1.3393508563407677,4.879657591258413,4.706350500645978,-3.533603417266903,2.288316662332713,,,,,,,,,,,2,2.0,2.0,2.0,2.0
8,7,31,47.0,51.0,56.0,65.0,83.0,100.0,,,,,,,,,,-3.7869486614566026,-3.80387652583648,-1.334002866794675,-2.142848345127443,-2.238110465145311,-2.402350235226388,3.2831132186756475,,,,,,,,,,2,2.0,2.0,2.0,2.0,2.0,2.0
9,5,6,27.0,31.0,78.0,100.0,,,,,,,,,,,-1.341389859975072,3.012545034320351,-4.257873930355743,-4.408726001274161,2.7266381849187176,,,,,,,,,,,2,2.0,2.0,2.0,2.0
10,3,39,48.0,100.0,,,,,,,,,,,,-1.3651467071445342,-4.946558314004702,4.717503956510344,,,,,,,,,,,,2,2.0,2.0
11,8,8,22.0,31.0,42.0,51.0,75.0,100.0,107.0,,,,,,,,,2.083329005048297,4.031384441857476,-1.472659310486625,-2.314658181479664,-2.505038342123663,3.686802737623427,2.135103623194898,4.239497783418539,,,,,,,,,2,2.0,2.0,2.0,2.0,2.0,2.0,2.0
12,5,4,31.0,33.0,63.0,100.0,,,,,,,,,,,1.1220009997561977,-4.621402567824255,4.723029302414259,1.7524846388950452,1.1467328115623916,,,,,,,,,,,2,2.0,2.0,2.0,2.0
13,14,3,6.0,8.0,31.0,39.0,49.0,57.0,70.0,81.0,88.0,89.0,92.0,93.0,100.0,,,,,,3.363333042276043,3.125418526272592,-1.3138255253690638,-3.515771387119536,-4.621527905677055,2.4970831830244813,4.877210142476396,-4.353314818844551,3.8163190723968943,-2.9684651723181528,1.6076107740491774,2.1143613561278345,1.82533487362317,1.948907166943978,,,,,,2,2.0,2.0,2.0,2.0,2.0,2.0,2.0,2.0,2.0,2.0,2.0,2.0,2.0
14,4,11,17.0,31.0,100.0,,,,,,,,,,,3.783896824374792,-4.819461122652776,-1.7097581751188913,2.2947169456169747,,,,,,,,,,,2,2.0,2.0,2.0
15,12,23,27.0,31.0,51.0,57.0,73.0,74.0,85.0,89.0,99.0,100.0,101.0,,,,,,,1.0575739545190235,-2.735406596951892,-3.7320270936654274,4.788994309535434,4.564572454792284,4.9865473482956215,1.9893924069727906,2.7498996880949163,1.9605824751127723,1.244311839419455,1.4790485272770049,2.701745754465667,,,,,,,2,2.0,2.0,2.0,2.0,2.0,2.0,2.0,2.0,2.0,2.0,2.0
16,3,11,31.0,100.0,,,,,,,,,,,,4.343920482048823,-4.765859235106101,2.9380919407640853,,,,,,,,,,,,2,2.0,2.0
18,2,31,40.0,,,,,,,,,,,,-3.1824671572637397,-4.80024786820322,,,,,,,,,,,,2,2.0
19,2,8,100.0,,,,,,,,,,,,-4.903408317850138,3.0467097684626645,,,,,,,,,,,,2,2.0
20,21,14,27.0,31.0,32.0,35.0,39.0,43.0,48.0,58.0,68.0,70.0,71.0,75.0,80.0,88.0,92.0,98.0,100.0,102.0,103.0,107.0,,,-2.6358117776570795,2.9664635004673294,1.2774452035006618,4.002459006563433,-4.0034842711659895,-2.280198404122447,-3.6900738243081537,-3.824968908625985,-3.337257247692401,-4.290148971692676,-4.949104517259778,4.458889505020213,-1.51663766060598,-4.5066144106333805,-3.488346800911494,-1.1634744650659155,4.4943144964271085,1.9698820145389186,-1.969638929660321,-3.324952885690449,-4.959840929559781,,,2,2.0,2.0,2.0,2.0,2.0,2.0,2.0,2.0,2.0,2.0,2.0,2.0,2.0,2.0,2.0,2.0,2.0,2.0,2.0,2.0
22,1,8,,,,,,,,,,,,,1.10140297366183,,,,,,,,,,,,,2
23,7,17,31.0,73.0,75.0,85.0,95.0,100.0,,,,,,,,,,2.1197355877837714,-2.128138290285226,-4.398589562709645,3.6862927823711984,4.616634777974994,4.197641595636171,1.7481749942300935,,,,,,,,,,2,2.0,2.0,2.0,2.0,2.0,2.0
26,4,31,57.0,92.0,100.0,,,,,,,,,,,-2.544410551203097,4.852890157762445,-1.6892794848065193,3.473019086121184,,,,,,,,,,,2,2.0,2.0,2.0
27,2,41,100.0,,,,,,,,,,,,4.802428587750224,2.8501388645325916,,,,,,,,,,,,2,2.0
28,1,100,,,,,,,,,,,,,2.4523291855945404,,,,,,,,,,,,,2
29,1,100,,,,,,,,,,,,,4.462028503575921,,,,,,,,,,,,,2
30,2,57,100.0,,,,,,,,,,,,3.0923913766805953,1.407129890481615,,,,,,,,,,,,2,2.0
31,2,65,100.0,,,,,,,,,,,,-3.1443854653764816,2.993768795716229,,,,,,,,,,,,2,2.0
32,1,100,,,,,,,,,,,,,4.929514467634426,,,,,,,,,,,,,2
33,1,51,,,,,,,,,,,,,-2.9705004171634366,,,,,,,,,,,,,2
34,2,17,100.0,,,,,,,,,,,,-3.640789506870925,3.3743698142161946,,,,,,,,,,,,2,2.0
35,5,15,31.0,51.0,75.0,100.0,,,,,,,,,,,2.0009715926583813,-4.509888054108211,-4.625417540378944,3.4725129618315833,4.587061698505701,,,,,,,,,,,2,2.0,2.0,2.0,2.0
36,3,27,32.0,100.0,,,,,,,,,,,,3.463400392208866,4.962020568002693,4.156684954429354,,,,,,,,,,,,2,2.0,2.0
37,12,2,5.0,8.0,20.0,31.0,56.0,59.0,70.0,80.0,82.0,88.0,100.0,,,,,,,-3.1705785388303065,-4.079974212394443,3.0652013932047812,2.6784002497111596,1.072887302606199,-3.3334750603886385,2.1238527583689213,-3.3765228614085405,-1.536060913802563,1.851856646035643,-4.7980824946305685,2.5091366524184906,,,,,,,2,2.0,2.0,2.0,2.0,2.0,2.0,2.0,2.0,2.0,2.0,2.0
38,2,45,100.0,,,,,,,,,,,,4.158472571178216,2.009747777376083,,,,,,,,,,,,2,2.0
39,3,87,92.0,100.0,,,,,,,,,,,,-3.055957956639243,3.6702309540841087,3.9930387615346334,,,,,,,,,,,,2,2.0,2.0
40,5,41,45.0,46.0,57.0,100.0,,,,,,,,,,,-2.172843086792258,3.4728722532650442,1.404490704491161,3.5102323203362538,3.674572879697724,,,,,,,,,,,2,2.0,2.0,2.0,2.0
42,4,8,31.0,83.0,100.0,,,,,,,,,,,4.8505936587117,-4.213923721539395,-2.5689761803989293,3.2864507578795994,,,,,,,,,,,2,2.0,2.0,2.0
43,2,31,57.0,,,,,,,,,,,,-4.379501243877819,3.215417137605283,,,,,,,,,,,,2,2.0
44,9,4,27.0,39.0,41.0,51.0,63.0,81.0,93.0,100.0,,,,,,,,,3.0889730402192175,1.6517377083257188,-1.0433506059211934,-2.793782087913279,4.108587663709747,2.4134089121042113,3.4812382054138586,2.843115072130903,4.946060995171919,,,,,,,,,2,2.0,2.0,2.0,2.0,2.0,2.0,2.0,2.0
46,2,45,100.0,,,,,,,,,,,,4.046042526869889,1.6835503495602633,,,,,,,,,,,,2,2.0
47,3,34,89.0,100.0,,,,,,,,,,,,4.433651007372047,1.515518887642597,3.7164092765779584,,,,,,,,,,,,2,2.0,2.0
48,5,27,61.0,62.0,93.0,100.0,,,,,,,,,,,1.6928074796400607,-4.561055135563665,3.480530391206147,1.3548101350282225,2.3099894087116586,,,,,,,,,,,2,2.0,2.0,2.0,2.0
49,3,4,27.0,100.0,,,,,,,,,,,,-2.4407625656450516,1.181216039088178,1.3476811523496948,,,,,,,,,,,,2,2.0,2.0
51,2,32,36.0,,,,,,,,,,,,2.650470707645706,1.4124954753437304,,,,,,,,,,,,2,2.0
52,4,19,38.0,51.0,100.0,,,,,,,,,,,3.446882984937409,-4.305829864430967,-1.4447899292246054,2.0316113081797593,,,,,,,,,,,2,2.0,2.0,2.0
54,2,7,100.0,,,,,,,,,,,,3.162540486440426,1.8457920279861786,,,,,,,,,,,,2,2.0
55,2,69,100.0,,,,,,,,,,,,1.1808746804247576,4.877881733101475,,,,,,,,,,,,2,2.0
57,10,27,45.0,58.0,65.0,89.0,90.0,99.0,100.0,102.0,104.0,,,,,,,,-3.301896711503516,2.4036600502083147,-1.1817855213658315,4.255180078827795,-1.5553086905976405,-2.382669133295453,4.224805119172245,1.4481556086722094,3.4424801697665304,1.2072941472897076,,,,,,,,2,2.0,2.0,2.0,2.0,2.0,2.0,2.0,2.0,2.0
58,1,100,,,,,,,,,,,,,1.746268096205223,,,,,,,,,,,,,2
59,23,0,14.0,27.0,31.0,32.0,35.0,39.0,43.0,48.0,58.0,68.0,70.0,71.0,75.0,79.0,80.0,88.0,92.0,98.0,100.0,102.0,103.0,107.0,,-2.8623920725298406,-1.693177280283383,2.8938870831222627,1.4031120055097066,4.2273389570690565,-4.018171496338729,-4.582092913984802,-4.00949811775072,-1.325395122567599,-4.604632041963956,-4.799199653167696,-1.6016675644141127,4.251604036520311,-4.8162041090348895,-3.243751886141545,-2.613931464849588,-4.44945483498698,-1.6757402522886582,4.683489602127253,2.076972923797524,-1.4593472989568141,-1.6174508610968092,-2.289415379898892,,2,2.0,2.0,2.0,2.0,2.0,2.0,2.0,2.0,2.0,2.0,2.0,2.0,2.0,2.0,2.0,2.0,2.0,2.0,2.0,2.0,2.0,2.0
60,2,73,89.0,,,,,,,,,,,,4.7790629195297125,3.5634989792128584,,,,,,,,,,,,2,2.0
61,1,100,,,,,,,,,,,,,4.268288283797119,,,,,,,,,,,,,2
62,4,27,47.0,57.0,100.0,,,,,,,,,,,1.1060452421664873,1.291052025456774,3.51759455254105,1.6427254930382227,,,,,,,,,,,2,2.0,2.0,2.0
63,1,100,,,,,,,,,,,,,2.4756545582790896,,,,,,,,,,,,,2
64,3,45,56.0,69.0,,,,,,,,,,,,1.5719667282113434,-4.474396512757841,1.105467897989008,,,,,,,,,,,,2,2.0,2.0
65,2,45,100.0,,,,,,,,,,,,1.3648244121947615,1.4286880453591042,,,,,,,,,,,,2,2.0
66,1,105,,,,,,,,,,,,,2.3464171127756823,,,,,,,,,,,,,2
69,12,24,27.0,32.0,36.0,38.0,45.0,57.0,63.0,70.0,75.0,88.0,100.0,,,,,,,1.184010568087011,3.343102325093853,2.4880723431711327,4.610211626718266,-3.0210094897914286,4.5508167310331995,3.7829947559384687,-1.3109385478599394,-2.6592780093506607,2.432650872131362,-2.8365430249530452,3.0980455582810187,,,,,,,2,2.0,2.0,2.0,2.0,2.0,2.0,2.0,2.0,2.0,2.0,2.0
70,3,45,67.0,100.0,,,,,,,,,,,,-3.198115529294942,-1.6504677573795652,3.148426167274191,,,,,,,,,,,,2,2.0,2.0
71,2,53,100.0,,,,,,,,,,,,1.4752716650722877,1.6934943811790193,,,,,,,,,,,,2,2.0
72,3,66,71.0,100.0,,,,,,,,,,,,3.738924690215517,-1.2255019866037085,3.1284539410612626,,,,,,,,,,,,2,2.0,2.0
73,3,47,86.0,95.0,,,,,,,,,,,,-4.287440237161425,-2.3930218680932014,1.1572485593643957,,,,,,,,,,,,2,2.0,2.0
74,2,57,100.0,,,,,,,,,,,,1.8943833540778106,2.481888411165528,,,,,,,,,,,,2,2.0
75,2,31,100.0,,,,,,,,,,,,-3.940284175215543,1.3209349826465688,,,,,,,,,,,,2,2.0
76,2,45,100.0,,,,,,,,,,,,-1.4682680657104235,2.5914223961829665,,,,,,,,,,,,2,2.0
77,1,100,,,,,,,,,,,,,4.580827350748797,,,,,,,,,,,,,2
78,2,27,100.0,,,,,,,,,,,,3.5034396628569455,3.98175789673732,,,,,,,,,,,,2,2.0
79,9,2,5.0,20.0,31.0,56.0,70.0,80.0,88.0,100.0,,,,,,,,,-2.1461650085131376,-1.8632841099873727,1.9909239580046298,1.3777718430237136,-4.848690193898168,-2.523563426524086,-1.115130705253356,-1.5882939237161517,1.0802847911109055,,,,,,,,,2,2.0,2.0,2.0,2.0,2.0,2.0,2.0,2.0
80,2,63,69.0,,,,,,,,,,,,-3.3346244474034883,4.730913933416053,,,,,,,,,,,,2,2.0
81,2,92,93.0,,,,,,,,,,,,1.7080419371069873,-2.457079444192302,,,,,,,,,,,,2,2.0
82,3,17,27.0,32.0,,,,,,,,,,,,-3.951587666783074,2.5526797048260876,2.3632141610120714,,,,,,,,,,,,2,2.0,2.0
83,2,89,100.0,,,,,,,,,,,,2.315006441150033,1.8373972933468412,,,,,,,,,,,,2,2.0
84,5,6,27.0,31.0,78.0,100.0,,,,,,,,,,,-3.491561903276001,2.498450458505885,-1.0930877429433035,-3.0806540044479735,3.3473644720835165,,,,,,,,,,,2,2.0,2.0,2.0,2.0
85,4,31,51.0,57.0,100.0,,,,,,,,,,,-1.7831645391571858,-4.25119826903001,1.1726396478023045,2.7896494672938186,,,,,,,,,,,2,2.0,2.0,2.0
88,3,45,56.0,70.0,,,,,,,,,,,,-1.2302350400665771,-2.4994823180948162,-4.368475692542835,,,,,,,,,,,,2,2.0,2.0
89,1,100,,,,,,,,,,,,,1.7380840774255093,,,,,,,,,,,,,2
90,1,100,,,,,,,,,,,,,1.611436556737328,,,,,,,,,,,,,2
91,2,89,100.0,,,,,,,,,,,,-1.5121833558310898,3.583668965326405,,,,,,,,,,,,2,2.0
92,7,27,51.0,68.0,70.0,88.0,100.0,103.0,,,,,,,,,,3.5696771128252625,-3.23361699894322,-3.90287803355344,-2.874772639179881,-2.0329775531958334,1.9838309135380325,-2.92456040741927,,,,,,,,,,2,2.0,2.0,2.0,2.0,2.0,2.0
93,3,39,96.0,100.0,,,,,,,,,,,,-2.2772545503616595,-3.511601557963631,3.227051572055719,,,,,,,,,,,,2,2.0,2.0
94,5,8,52.0,57.0,75.0,91.0,,,,,,,,,,,4.180744779074814,2.874642567976505,1.2951862589415954,1.9145712220138509,2.8958465610514894,,,,,,,,,,,2,2.0,2.0,2.0,2.0
95,11,27,32.0,57.0,63.0,69.0,70.0,72.0,77.0,82.0,88.0,100.0,,,,,,,,4.76092096569983,4.105651842967987,2.818164259071093,4.897579230664666,4.464255558001634,2.093628287722825,-4.998870693144522,-4.089273566942557,1.0581786626715277,4.920130301141908,2.641587307958646,,,,,,,,2,2.0,2.0,2.0,2.0,2.0,2.0,2.0,2.0,2.0,2.0
96,2,73,100.0,,,,,,,,,,,,4.075949660722042,3.4230992774275486,,,,,,,,,,,,2,2.0
97,4,27,57.0,69.0,100.0,,,,,,,,,,,2.8966953163493008,4.879515306830556,2.6729721451624755,3.8533983435382098,,,,,,,,,,,2,2.0,2.0,2.0
98,2,27,83.0,,,,,,,,,,,,1.2822749896017194,-3.3596707474185323,,,,,,,,,,,,2,2.0
99,1,100,,,,,,,,,,,,,4.077971732767748,,,,,,,,,,,,,2
100,1,45,,,,,,,,,,,,,-2.766122005493508,,,,,,,,,,,,,2
101,13,7,8.0,17.0,23.0,31.0,52.0,55.0,57.0,73.0,82.0,91.0,94.0,105.0,,,,,,,-3.549719605992826,2.291825891764984,-3.196906658824482,1.464290562027665,-1.284754593840916,1.0454145790696763,-3.5968412084642543,3.1108044363451994,3.22172682241051,1.545485902347079,4.587153639624047,3.0136690834194275,1.537658707755897,,,,,,,2,2.0,2.0,2.0,2.0,2.0,2.0,2.0,2.0,2.0,2.0,2.0,2.0
102,1,89,,,,,,,,,,,,,-2.9704723759714784,,,,,,,,,,,,,2
104,2,63,75.0,,,,,,,,,,,,4.9448429779184115,1.454230368798516,,,,,,,,,,,,2,2.0
105,3,21,51.0,100.0,,,,,,,,,,,,-2.4238907146050463,-2.696888036987905,2.1403806747753884,,,,,,,,,,,,2,2.0,2.0
106,5,6,27.0,31.0,78.0,100.0,,,,,,,,,,,-1.2067268846744308,4.4259593647532895,-2.1274190990935997,-3.207627355097942,1.510321211182255,,,,,,,,,,,2,2.0,2.0,2.0,2.0
107,1,8,,,,,,,,,,,,,2.7558856828225444,,,,,,,,,,,,,2
