0,1,78,,,,,,,,,,,,,4.0205490226944764,,,,,,,,,,,,,2
1,17,4,6.0,15.0,17.0,18.0,31.0,35.0,58.0,62.0,65.0,85.0,98.0,105.0,109.0,110.0,111.0,116.0,,,,,-3.196906658824482,-2.4238907146050463,3.5696771128252625,3.301896711503516,4.765859235106101,-3.515771387119536,-1.3651467071445342,-2.818164259071093,-4.897579230664666,4.879657591258413,1.7275203375965793,2.076972923797524,1.611436556737328,4.587061698505701,4.959840929559781,4.1761007570811834,4.507062547046997,,,,,2,2.0,2.0,2.0,2.0,2.0,2.0,2.0,2.0,2.0,2.0,2.0,2.0,2.0,2.0,2.0,2.0
2,1,110,,,,,,,,,,,,,1.9288507805872692,,,,,,,,,,,,,2
3,3,4,31.0,58.0,,,,,,,,,,,,3.8583836908002493,3.940284175215543,3.5102323203362538,,,,,,,,,,,,2,2.0,2.0
4,6,31,50.0,80.0,87.0,97.0,110.0,,,,,,,,,,1.0930877429433035,-2.9705004171634366,3.3596707474185323,1.6757402522886582,1.8373972933468412,3.4424801697665304,,,,,,,,,,2,2.0,2.0,2.0,2.0,2.0
5,25,29,30.0,31.0,33.0,34.0,35.0,40.0,46.0,52.0,57.0,60.0,65.0,68.0,72.0,73.0,77.0,80.0,85.0,97.0,99.0,101.0,108.0,110.0,113.0,114.0,3.7320270936654274,1.284754593840916,2.275902521175045,-4.723029302414259,4.433651007372047,-1.4124954753437304,-2.4036600502083147,4.788994309535434,-4.474396512757841,-4.877210142476396,2.8547936197599286,4.242213323127332,-4.7790629195297125,-4.8162041090348895,-3.081230803615173,-4.5066144106333805,2.402350235226388,-1.6076107740491774,1.7380840774255093,-1.4790485272770049,1.3476811523496948,-1.6427254930382227,3.2864507578795994,-4.154388844898123,-3.975785170290708,2,2.0,2.0,2.0,2.0,2.0,2.0,2.0,2.0,2.0,2.0,2.0,2.0,2.0,2.0,2.0,2.0,2.0,2.0,2.0,2.0,2.0,2.0,2.0,2.0
6,5,54,80.0,97.0,98.0,110.0,,,,,,,,,,,-4.564572454792284,3.055957956639243,2.8501388645325916,-3.1304690658200927,3.1303577302063434,,,,,,,,,,,2,2.0,2.0,2.0,2.0
7,11,4,31.0,44.0,46.0,49.0,61.0,70.0,72.0,90.0,102.0,110.0,,,,,,,,2.1197355877837714,2.128138290285226,-4.287440237161425,-4.944004255291484,-2.696888036987905,-3.3346244474034883,-1.9893924069727906,1.9145712220138509,1.82533487362317,2.135103623194898,4.3224776311509165,,,,,,,,2,2.0,2.0,2.0,2.0,2.0,2.0,2.0,2.0,2.0,2.0
8,1,110,,,,,,,,,,,,,2.5355648854928456,,,,,,,,,,,,,2
9,7,35,52.0,58.0,64.0,74.0,92.0,110.0,,,,,,,,,,-4.802428587750224,-1.8943833540778106,-4.604632041963956,-4.464255558001634,-3.0806540044479735,-1.3270361277954876,4.718116576991303,,,,,,,,,,2,2.0,2.0,2.0,2.0,2.0,2.0
10,3,44,54.0,110.0,,,,,,,,,,,,-1.3393508563407677,-3.1108044363451994,2.2055114966565683,,,,,,,,,,,,2,2.0,2.0
11,14,3,7.0,9.0,35.0,44.0,56.0,65.0,80.0,90.0,97.0,98.0,101.0,102.0,110.0,,,,,,2.6358117776570795,4.031384441857476,-2.735406596951892,-3.2937515524931444,-1.325395122567599,4.971859184477202,2.874772639179881,-3.488346800911494,3.0136690834194275,-1.1467328115623916,2.288316662332713,3.98175789673732,3.583668965326405,3.923469900814577,,,,,,2,2.0,2.0,2.0,2.0,2.0,2.0,2.0,2.0,2.0,2.0,2.0,2.0,2.0
12,8,9,23.0,35.0,47.0,58.0,85.0,110.0,117.0,,,,,,,,,2.8938870831222627,1.7831645391571858,-4.80024786820322,-1.334002866794675,-3.337257247692401,4.587153639624047,2.8863047542006335,1.442526947820829,,,,,,,,,2,2.0,2.0,2.0,2.0,2.0,2.0,2.0
13,5,4,35.0,37.0,72.0,110.0,,,,,,,,,,,2.0009715926583813,-4.610211626718266,2.766122005493508,3.42469853780352,2.1199163746411367,,,,,,,,,,,2,2.0,2.0,2.0,2.0
14,4,12,17.0,35.0,110.0,,,,,,,,,,,3.63477452647578,-2.8330115619660665,-3.6900738243081537,2.3396224586283445,,,,,,,,,,,2,2.0,2.0,2.0
15,12,25,31.0,35.0,58.0,65.0,83.0,84.0,94.0,98.0,109.0,110.0,111.0,,,,,,,1.4031120055097066,-3.7869486614566026,-1.0433506059211934,3.7829947559384687,3.3765228614085405,2.315006441150033,1.5121833558310898,1.244311839419455,1.9698820145389186,1.6934943811790193,1.253499881891071,1.557088290653549,,,,,,,2,2.0,2.0,2.0,2.0,2.0,2.0,2.0,2.0,2.0,2.0,2.0
16,3,12,35.0,110.0,,,,,,,,,,,,4.4259593647532895,-4.0034842711659895,1.6835503495602633,,,,,,,,,,,,2,2.0,2.0
18,2,35,45.0,,,,,,,,,,,,-2.7159761095000734,-2.4970831830244813,,,,,,,,,,,,2,2.0
19,3,8,63.0,110.0,,,,,,,,,,,,-1.0575739545190235,-3.1443854653764816,4.877881733101475,,,,,,,,,,,,2,2.0,2.0
20,2,9,110.0,,,,,,,,,,,,-3.8146314375200947,2.701745754465667,,,,,,,,,,,,2,2.0
21,3,10,63.0,110.0,,,,,,,,,,,,3.012545034320351,-4.64370873797537,3.1742114444559544,,,,,,,,,,,,2,2.0,2.0
22,21,14,31.0,35.0,36.0,40.0,44.0,48.0,54.0,66.0,77.0,80.0,81.0,85.0,89.0,97.0,101.0,108.0,110.0,112.0,113.0,117.0,,,-1.6517377083257188,4.257873930355743,4.305829864430967,4.00949811775072,-1.4682680657104235,-3.80387652583648,-4.108587663709747,-4.879515306830556,-4.998870693144522,-2.613931464849588,-2.5689761803989293,2.8365430249530452,-1.5553086905976405,-1.7080419371069873,-2.481888411165528,-3.148426167274191,1.746268096205223,2.154522212961023,-3.480291023714054,-1.6066995189310047,-2.36832699486363,,,2,2.0,2.0,2.0,2.0,2.0,2.0,2.0,2.0,2.0,2.0,2.0,2.0,2.0,2.0,2.0,2.0,2.0,2.0,2.0,2.0
23,1,9,,,,,,,,,,,,,3.463400392208866,,,,,,,,,,,,,2
25,7,17,35.0,83.0,85.0,94.0,104.0,110.0,,,,,,,,,,3.5731528737694127,-2.314658181479664,-1.515518887642597,1.769156075234683,2.107510592588815,1.948907166943978,3.5108322122856714,,,,,,,,,,2,2.0,2.0,2.0,2.0,2.0,2.0
27,7,6,17.0,46.0,52.0,63.0,92.0,110.0,,,,,,,,,,3.446882984937409,-3.343102325093853,2.4825685882675637,-2.142848345127443,-4.255180078827795,3.511601557963631,4.268288283797119,,,,,,,,,,2,2.0,2.0,2.0,2.0,2.0,2.0
28,8,3,8.0,9.0,56.0,63.0,80.0,97.0,110.0,,,,,,,,,-1.693177280283383,-1.184010568087011,-2.5940189375894938,-1.2951862589415954,1.6504677573795652,-4.44945483498698,-2.009747777376083,1.26598506946711,,,,,,,,,2,2.0,2.0,2.0,2.0,2.0,2.0,2.0
30,4,35,65.0,101.0,110.0,,,,,,,,,,,-4.018171496338729,2.5058534675121984,-2.993768795716229,3.674572879697724,,,,,,,,,,,2,2.0,2.0,2.0
31,2,46,110.0,,,,,,,,,,,,4.25119826903001,3.227051572055719,,,,,,,,,,,,2,2.0
32,1,110,,,,,,,,,,,,,2.647363656589074,,,,,,,,,,,,,2
33,1,110,,,,,,,,,,,,,2.5697804296905415,,,,,,,,,,,,,2
34,2,65,110.0,,,,,,,,,,,,2.6592780093506607,4.753361827284151,,,,,,,,,,,,2,2.0
35,2,74,110.0,,,,,,,,,,,,-4.089273566942557,3.726010888895717,,,,,,,,,,,,2,2.0
36,1,110,,,,,,,,,,,,,3.6607888827848005,,,,,,,,,,,,,2
37,1,58,,,,,,,,,,,,,-3.480530391206147,,,,,,,,,,,,,2
38,3,8,63.0,110.0,,,,,,,,,,,,-1.1629152092758805,-3.90287803355344,4.7593284944539,,,,,,,,,,,,2,2.0,2.0
39,2,17,110.0,,,,,,,,,,,,-2.5526797048260876,2.289415379898892,,,,,,,,,,,,2,2.0
40,5,15,35.0,58.0,85.0,110.0,,,,,,,,,,,1.1060452421664873,-3.527348848679197,-4.561055135563665,2.8958465610514894,1.8065092801909781,,,,,,,,,,,2,2.0,2.0,2.0,2.0
41,3,31,36.0,110.0,,,,,,,,,,,,4.509888054108211,4.158472571178216,2.0185626190550554,,,,,,,,,,,,2,2.0,2.0
42,12,2,5.0,9.0,22.0,35.0,64.0,67.0,80.0,89.0,91.0,97.0,110.0,,,,,,,-4.343920482048823,-3.951587666783074,2.8966953163493008,4.844762255295657,4.582092913984802,-3.4536607837431594,4.075949660722042,-4.616634777974994,-1.4825434844024032,3.761579314517461,-3.473019086121184,1.6174508610968092,,,,,,,2,2.0,2.0,2.0,2.0,2.0,2.0,2.0,2.0,2.0,2.0,2.0
43,2,50,110.0,,,,,,,,,,,,4.625417540378944,4.077971732767748,,,,,,,,,,,,2,2.0
44,3,96,101.0,110.0,,,,,,,,,,,,-3.9930387615346334,4.156684954429354,3.0980455582810187,,,,,,,,,,,,2,2.0,2.0
45,5,46,50.0,51.0,65.0,110.0,,,,,,,,,,,-2.505038342123663,4.848690193898168,2.4994823180948162,4.251604036520311,2.8507191426784257,,,,,,,,,,,2,2.0,2.0,2.0,2.0
47,4,9,35.0,92.0,110.0,,,,,,,,,,,3.540374603470575,-2.172843086792258,-4.683489602127253,3.0108815603699166,,,,,,,,,,,2,2.0,2.0,2.0
48,2,35,65.0,,,,,,,,,,,,-2.2772545503616595,4.353314818844551,,,,,,,,,,,,2,2.0
49,9,4,31.0,44.0,46.0,58.0,72.0,90.0,102.0,110.0,,,,,,,,,4.819461122652776,1.7097581751188913,-3.824968908625985,-4.0135127410357665,1.1817855213658315,3.686802737623427,2.457079444192302,2.4523291855945404,4.86010764266605,,,,,,,,,2,2.0,2.0,2.0,2.0,2.0,2.0,2.0,2.0
51,2,50,110.0,,,,,,,,,,,,3.3334750603886385,2.5077777176996303,,,,,,,,,,,,2,2.0
52,3,39,98.0,110.0,,,,,,,,,,,,4.5508167310331995,2.5091366524184906,4.239497783418539,,,,,,,,,,,,2,2.0,2.0
53,4,10,58.0,63.0,110.0,,,,,,,,,,,3.5034396628569455,-3.0923913766805953,-4.9448429779184115,1.4481556086722094,,,,,,,,,,,2,2.0,2.0,2.0
54,5,31,70.0,71.0,102.0,110.0,,,,,,,,,,,1.472659310486625,-4.398589562709645,2.802176541240374,1.510321211182255,1.537658707755897,,,,,,,,,,,2,2.0,2.0,2.0,2.0
55,2,63,110.0,,,,,,,,,,,,-4.290148971692676,4.625888443858187,,,,,,,,,,,,2,2.0
56,3,4,31.0,110.0,,,,,,,,,,,,-3.640789506870925,4.213923721539395,4.040911439558746,,,,,,,,,,,,2,2.0,2.0
58,2,36,41.0,,,,,,,,,,,,1.3648244121947615,4.046042526869889,,,,,,,,,,,,2,2.0
59,4,20,43.0,58.0,110.0,,,,,,,,,,,2.544410551203097,-1.3364272244599897,-2.8226270111428517,2.7565396342808737,,,,,,,,,,,2,2.0,2.0,2.0
61,2,6,110.0,,,,,,,,,,,,2.6784002497111596,1.2072941472897076,,,,,,,,,,,,2,2.0
62,2,78,110.0,,,,,,,,,,,,1.545485902347079,4.508802163252433,,,,,,,,,,,,2,2.0
63,4,9,103.0,104.0,110.0,,,,,,,,,,,2.498450458505885,-2.424386903591385,3.4230992774275486,1.4675921628334563,,,,,,,,,,,2,2.0,2.0,2.0
65,10,31,50.0,66.0,74.0,98.0,99.0,109.0,110.0,112.0,114.0,,,,,,,,-4.105651842967987,1.4701049871084195,-3.22172682241051,4.408726001274161,-1.8457920279861786,-4.56210912295958,1.3209349826465688,3.0922616990764773,4.575570332203831,1.1341297389431175,,,,,,,,2,2.0,2.0,2.0,2.0,2.0,2.0,2.0,2.0,2.0
66,1,110,,,,,,,,,,,,,4.367315107033088,,,,,,,,,,,,,2
67,23,0,14.0,31.0,35.0,36.0,40.0,44.0,48.0,54.0,66.0,77.0,80.0,81.0,85.0,88.0,89.0,97.0,101.0,108.0,110.0,112.0,113.0,117.0,,-4.8505936587117,-1.2822749896017194,2.1274190990935997,2.280198404122447,4.166316174903394,-1.5719667282113434,-1.291052025456774,-3.23361699894322,-1.1726396478023045,-4.9865473482956215,-1.536060913802563,-2.7498996880949163,4.920130301141908,-3.5634989792128584,-2.1143613561278345,-1.3548101350282225,-2.9380919407640853,-3.3473644720835165,2.1403806747753884,3.324952885690449,-3.133844367905286,-2.246888271182193,-4.285029218688051,,2,2.0,2.0,2.0,2.0,2.0,2.0,2.0,2.0,2.0,2.0,2.0,2.0,2.0,2.0,2.0,2.0,2.0,2.0,2.0,2.0,2.0,2.0
68,2,83,98.0,,,,,,,,,,,,1.3034533124346557,2.3099894087116586,,,,,,,,,,,,2,2.0
69,4,9,63.0,72.0,110.0,,,,,,,,,,,4.421842336044029,-3.7926468560789806,1.51663766060598,2.5914223961829665,,,,,,,,,,,2,2.0,2.0,2.0
70,1,110,,,,,,,,,,,,,4.266397757886308,,,,,,,,,,,,,2
71,4,31,52.0,65.0,110.0,,,,,,,,,,,4.962020568002693,4.852890157762445,2.093628287722825,3.2978924527196476,,,,,,,,,,,2,2.0,2.0,2.0
72,1,110,,,,,,,,,,,,,4.717503956510344,,,,,,,,,,,,,2
73,3,50,64.0,78.0,,,,,,,,,,,,3.984179517061693,-1.1808746804247576,1.0581786626715277,,,,,,,,,,,,2,2.0,2.0
74,2,50,110.0,,,,,,,,,,,,1.4447899292246054,1.969638929660321,,,,,,,,,,,,2,2.0
75,1,116,,,,,,,,,,,,,3.279558739485266,,,,,,,,,,,,,2
78,12,26,31.0,36.0,41.0,43.0,50.0,65.0,72.0,80.0,85.0,97.0,110.0,,,,,,,1.3777718430237136,2.650470707645706,2.977681218810326,3.4728722532650442,-1.404490704491161,1.4752716650722877,1.2255019866037085,-2.432650872131362,-1.5882939237161517,3.6702309540841087,-4.580827350748797,1.6570631917239718,,,,,,,2,2.0,2.0,2.0,2.0,2.0,2.0,2.0,2.0,2.0,2.0,2.0
79,4,63,80.0,97.0,110.0,,,,,,,,,,,3.738924690215517,4.134612050964572,3.989883752535026,2.3464171127756823,,,,,,,,,,,2,2.0,2.0,2.0
80,3,50,76.0,110.0,,,,,,,,,,,,-2.874642567976505,-3.243751886141545,3.382554962431377,,,,,,,,,,,,2,2.0,2.0
81,2,60,110.0,,,,,,,,,,,,2.4134089121042113,4.181069247439561,,,,,,,,,,,,2,2.0
82,3,75,81.0,110.0,,,,,,,,,,,,3.207627355097942,-2.0329775531958334,3.03044151473782,,,,,,,,,,,,2,2.0,2.0
83,3,52,95.0,104.0,,,,,,,,,,,,-1.0486178987592654,-4.224805119172245,4.946060995171919,,,,,,,,,,,,2,2.0,2.0
84,2,65,110.0,,,,,,,,,,,,1.105467897989008,2.0316113081797593,,,,,,,,,,,,2,2.0
85,2,35,110.0,,,,,,,,,,,,-2.793782087913279,1.654623771462818,,,,,,,,,,,,2,2.0
86,1,110,,,,,,,,,,,,,2.2947169456169747,,,,,,,,,,,,,2
87,2,50,110.0,,,,,,,,,,,,-3.5968412084642543,2.43532193649401,,,,,,,,,,,,2,2.0
88,9,2,5.0,22.0,35.0,64.0,80.0,89.0,97.0,110.0,,,,,,,,,-3.783896824374792,-3.2174162100456027,4.621402567824255,2.5568067149366525,-2.6729721451624755,-2.3930218680932014,-2.843115072130903,-2.4756545582790896,2.92456040741927,,,,,,,,,2,2.0,2.0,2.0,2.0,2.0,2.0,2.0,2.0
89,2,72,78.0,,,,,,,,,,,,-3.4725129618315833,3.8163190723968943,,,,,,,,,,,,2,2.0
90,2,101,102.0,,,,,,,,,,,,2.7266381849187176,-3.2831132186756475,,,,,,,,,,,,2,2.0
91,3,17,31.0,36.0,,,,,,,,,,,,-3.1824671572637397,2.3632141610120714,3.198115529294942,,,,,,,,,,,,2,2.0,2.0
92,2,98,110.0,,,,,,,,,,,,2.7896494672938186,4.929514467634426,,,,,,,,,,,,2,2.0
93,7,3,9.0,56.0,63.0,80.0,97.0,110.0,,,,,,,,,,-1.6257481706843442,1.181216039088178,-3.215417137605283,4.799199653167696,-2.9684651723181528,-3.1284539410612626,3.4969519836559684,,,,,,,,,,2,2.0,2.0,2.0,2.0,2.0,2.0
94,4,35,58.0,65.0,110.0,,,,,,,,,,,-3.0210094897914286,-3.51759455254105,1.6016675644141127,1.4593472989568141,,,,,,,,,,,2,2.0,2.0,2.0
97,3,50,64.0,80.0,,,,,,,,,,,,-1.0454145790696763,-4.730913933416053,-2.5861711292850806,,,,,,,,,,,,2,2.0,2.0
98,1,110,,,,,,,,,,,,,2.641587307958646,,,,,,,,,,,,,2
99,1,110,,,,,,,,,,,,,1.7249322646626406,,,,,,,,,,,,,2
100,2,98,110.0,,,,,,,,,,,,-1.0802847911109055,2.395473066171981,,,,,,,,,,,,2,2.0
101,7,31,58.0,77.0,80.0,97.0,110.0,113.0,,,,,,,,,,4.2273389570690565,-2.1238527583689213,-1.115130705253356,-4.7980824946305685,-3.8533983435382098,3.964482597160236,-1.993956559257863,,,,,,,,,,2,2.0,2.0,2.0,2.0,2.0,2.0
102,3,44,107.0,110.0,,,,,,,,,,,,-4.946558314004702,-1.9838309135380325,3.9904375207050045,,,,,,,,,,,,2,2.0,2.0
104,11,31,36.0,65.0,72.0,78.0,80.0,82.0,86.0,91.0,97.0,110.0,,,,,,,,2.4880723431711327,1.2302350400665771,4.458889505020213,1.454230368798516,1.851856646035643,4.706350500645978,-2.9704723759714784,-1.1634744650659155,4.197641595636171,3.0467097684626645,4.258298880925528,,,,,,,,2,2.0,2.0,2.0,2.0,2.0,2.0,2.0,2.0,2.0,2.0
105,5,9,59.0,65.0,85.0,100.0,,,,,,,,,,,2.9664635004673294,1.7524846388950452,4.368475692542835,2.382669133295453,3.7164092765779584,,,,,,,,,,,2,2.0,2.0,2.0,2.0
106,4,31,65.0,78.0,110.0,,,,,,,,,,,4.379501243877819,4.949104517259778,3.4812382054138586,1.7481749942300935,,,,,,,,,,,2,2.0,2.0,2.0
107,2,83,110.0,,,,,,,,,,,,1.9605824751127723,1.497188893942179,,,,,,,,,,,,2,2.0
108,2,31,92.0,,,,,,,,,,,,4.002459006563433,-4.4943144964271085,,,,,,,,,,,,2,2.0
109,1,110,,,,,,,,,,,,,4.598298293098274,,,,,,,,,,,,,2
110,1,50,,,,,,,,,,,,,-1.2252131027273494,,,,,,,,,,,,,2
111,13,6,9.0,17.0,25.0,35.0,59.0,62.0,65.0,83.0,91.0,100.0,105.0,116.0,,,,,,,-1.9909239580046298,1.391336642604006,-4.76092096569983,1.072887302606199,-4.621527905677055,2.1095247319245307,-1.3109385478599394,2.523563426524086,3.533603417266903,1.1572485593643957,3.3743698142161946,1.407129890481615,4.049834742962762,,,,,,,2,2.0,2.0,2.0,2.0,2.0,2.0,2.0,2.0,2.0,2.0,2.0,2.0
112,1,98,,,,,,,,,,,,,-1.4286880453591042,,,,,,,,,,,,,2
114,2,72,85.0,,,,,,,,,,,,3.6862927823711984,1.6892794848065193,,,,,,,,,,,,2,2.0
115,3,8,63.0,110.0,,,,,,,,,,,,-1.464290562027665,-2.238110465145311,4.462028503575921,,,,,,,,,,,,2,2.0,2.0
116,3,24,58.0,110.0,,,,,,,,,,,,-1.2774452035006618,-4.801645936306235,1.559089506505158,,,,,,,,,,,,2,2.0,2.0
117,1,9,,,,,,,,,,,,,1.6928074796400607,,,,,,,,,,,,,2
